1,9895858E-12 1,817482 1,4505353E+23 -3,8766732E+20
-3,960846E-09 8,063503E-26 7,3711866E+19 -3,882582E-31
3,737666E-19 8,693887E-38 5,734516E+31 -5,526823E-10
1,6342113E-11 -1,03415277E+09 2783,9028 1,777929E-35
-4,5187447E-27 -1,41418895E+20 5,1861297E+14 -0,15096629
4,549623E-33 -2,3505713E-11 3,1493385E+21 -1,6313032E-25
1,4695538E+24 -3,3079887E-06 -145,96014 4,368899E+16
-2,5413797E-12 784026750 8,183924E+16 -2,1843268E+31
0,0022069418 -2,8600282E+26 2,5619837E-20 7,451788E+29
6,4117947E-38 -1,5875835E+21 -6,8798905E+23 2,2519501E+26
7,1733356E+25 1,7907744E+17 -1,1696083E-06 44026592
4,1457254E-18 9,154418E-26 4,1371943E+23 6,952493E-28
722768,3 1,0069944E-11 16022,37 -3590,9443
-2,6571553E-26 4,154924E-05 -9,761949E+27 -4,7381122E-14
1,4236671E-38 6,289584E+33 3,2849617 -1,5871572E-32
3,02119E-06 -4,7837307E-06 2,0231097E-09 -1,3294976E-36
-7,5167746E-38 1,07297295E+27 3,1496958E-24 -9,215445E-08
-4,6958643E-20 -1,9363997E-15 7,2331104E-29 -4,587211E+09
-2,7269337E-17 -1,8917269E+25 -4,0362245E+20 -4,7799584E-13
-2,524114E+19 -1,1523166E-15 -2,7030114E-38 5,220261E+26
-12851,695 -2,0439256E-11 2,6867261E-05 -158078820
2,1340161E-20 1,2158146E+11 -1,8861241E-31 -7,854308E+19
-2,1965152E+16 -1,0598589E-12 -8,212835E-22 382,21445
9353564 3,2780942E-22 3,484297E+22 -1,1355199E-09
-5,789527E+09 -1,0067496E-15 3,835622E+28 98868,72
2,5332324E+20 7,1626355E+31 -1204307,1 -1,4016604E-34
4,51778E+13 -0,7577036 43050,93 2,1224665E+29
387538660 5,9700714E-13 4,9818207E-29 1,5074389E-31
-9,337271E-26 -1,2969545E-09 9,825742E+32 3,1706127E-14
-4,695266E+27 -1,6328427E-20 -7,254955E+34 -4,7873397E-24
-7,71543E+09 1,21548405E-36 7,9266735E+14 8,864101E+19
1,3553069E-13 2,8867847E-11 -3,8175642E-13 4,8641E+22
2,3695178E+26 8,810592E-36 -6,3900302E+32 -10591593
6,30988E+22 -8,015449E+15 -2993506,5 2,9689926E+16
-7,536015E-10 -5,4117597E-30 -8,814035E+25 -1,1569754E-12
-16708,947 744,4421 -9,2768175E-08 -1,3148657E+14
-7,9590733E+09 -4,0470545E-06 -1,1301413E-17 1,6192725E-12
-3,3864946E-31 -6,0756E+28 -3,3908046E-33 5,1038707E-23
4,6432686E+30 -1,746028E+31 -4,1315443E+15 -7,848902E-37
-2,4180005 1,885901E+14 -2,222795E+10 -1,7186046
1,0022346E+22 11,954693 -2,92328E-26 4,8462994E-38
-3,5750618E+16 4,8221463E-15 948,12915 -3,3175602E-16
4,1141734E-10 3,7861415E-08 -7,974858E-30 -3,9400845E-14
-1,1062997E-13 -1022758,1 4,8405398E-20 -5,947475E+23
350208450 -1,1823637E-05 -1,7351419E-31 65023,984
-2,1812186E-35 -253,46193 -8,932234E-35 -6,23409E+28
-5,209794E-11 1,6604797E+35 2,0295464E+29 -4,619342E+10
-3,6430906E-12 -1,5204568E+29 -3,3323566E-35 -1,5389784E-25
2,1480048E+27 -2,193082E-31 -7,872535E+13 6,277658E+25
-5,1430504E-20 -8,2237397E-17 6,210048E+27 -1,0872041E-23
-9,50499E-29 -8,399675E-21 3,5281016E-37 1,01420584E+34
-0,0016644743 -2,6367189E-36 2,168176E-30 -1,546288E-22
1,5987955E-17 1,3600119E-25 1,0059528E-25 -2,1743945E+14
-2,7493965E+30 20803,25 1,999828E+28 3,8616173
-1,689756E-34 2,6731273E-37 3,727512E-26 6,3618186E+12
3054,0884 5,7856163E+34 1,0129458E+28 3,4314177E-18
1,4043935E+31 6,847726E-11 -1,16422706E-29 1,780128E+26
0,08939779 9184149 -1,2241036E-07 -323282,47
-314,7334 1,7860399E+22 -9,085281E-10 -0,008601441
2,6823532E-27 -3,719029E-38 0,008340858 -28822108
2,964677E-15 1,3559358E+26 -294436800 -6,565275E+32
-8,302478E-39 -3,6172936E-11 -1,050709E-32 -0,00014564783
-1,1398179E-31 -2,0593283E-34 4,2229696E-23 -0,0018990153
9,1773535E-27 8,506344E+28 1,0902154E+10 -2,6709763E-25
-6,5164706E-26 4,5149063E-27 7,420973E-13 -4,813449E+28
-1,2448758E-36 -1,3407487E-20 -7,815421E+37 -13,330981
1,1326987E+27 3,7691702E-08 -1,6056132E+38 7,049172E+15
-1,7734504E-19 -7,6544576E-35 5739618 -3,546848E+21
4,391293E-27 1,8954239E-22 -2,0643898E-36 2,3112852E-38
4229394,5 1,9285096E+28 1,9487493E+20 -1306,3027
-1,7919924E-19 5,6107004E+35 1,2256566E+33 -1,3126191E-06
-1,0930835E+34 8,862026E-05 -2,021685E-16 -0,9244671
27282480 2,465885E+28 -1,7982115E+28 -6,480484E+31
-2,1620777E+11 1,904827E-05 -1,8934699E+25 194,88844
1,246532E+19 7864960 4,308877E-27 1,4269062E+18
-126,80289 0,000112639354 -5,680772E-16 0,0009076523
0,024472356 6,2518355E-21 -1276,5063 3,9805764E-24
-1,6318418E-38 4,0708495E-14 -1,6258284E+16 -1,9066105E+11
-1,8951685E-13 4,7948404E-17 -8,606283E-05 6,102804E+18
4,416507E+25 48,050385 -3,9749226E+11 1,4150648E+23
2,433863E-24 50,23959 1,0074415E+11 -1,4120296E-16
-9,377866E+18 -2,8320203E+11 -0,049602233 -7,750573E-18
-4,802191E-33 -1,6450858E+26 6,7541475E+12 -2,8728995E-31
6,7112676E-23 -3,6452652E-13 3,5050384E+36 -1,6834261
-4,358465E-35 1,7206139E-33 8,162819E+29 1,765374E-05
3,5001083E-15 -473502,62 -1,0058388E-25 -9,71973E-17
-1063259,5 -1,3563136E-34 -2,7490369E+29 -7,2444053E-38
-3,3195092E+22 3,9888654E+11 -2,5909805E+37 2,3048804E-19
4,465851E+32 -2,4893792E-20 2,580344E-09 -2,6896235E-23
-5,5634797E+32 6,5935485E-10 31992,084 -0,103468746
1,7393245E-27 1,1753023E-32 1,323306E-38 -2,0894695E-09
7,498474E+09 -1,4528102E-36 -1,901297E-28 -6,054153E-39
3,3515482E+21 9,874646E-33 3,7950094E-24 -1,9922909E+36
-5,0698347E-24 4,0430883E-12 -1,07560776E+18 -0,21723087
1,9244903E-10 1,8437287E-35 -15917,007 4,2468462E+11
7,260122E+37 -1,5769004E-22 -7,93543E-06 -1,0045995E-27
4,6227098E+26 3,1604322E+25 7,648797E-39 209486,67
1,678009E+37 4,309149E-10 -5,1941374E+27 -7,8007426E-24
-33,947704 -1,9509703E+11 -6,505305E-24 2,4604089E-29
-4,4254392E-20 -5,011812E+21 5,1655353E-21 1,633354E+13
